Residential miscellaneous electric loads inputs
Last Modified: October 12, 2016
Definition:    Miscellaneous electric loads (MELs) inputs
Units:         Indices, 2009=1
Source:        RECS 2009
               Navigant contract report
               TIAX contract report
               Various DOE rulemakings Technical Support Documents and ENERGY STAR product specifications
Comments:      This file includes groups of saturation and per-unit energy consumption (UEC) indicies, respectively, for miscellaneous electric loads.
               The columns are years 2010-2050, while the rows are in order of the end uses listed at the bottom.
               First five uses are TV-related, next four are PC-related, then the rest are reported as among "electric other".





2010	2011	2012	2013	2014	2015	2016	2017	2018	2019	2020	2021	2022	2023	2024	2025	2026	2027	2028	2029	2030	2031	2032	2033	2034	2035	2036	2037	2038	2039	2040	2041	2042	2043	2044	2045	2046	2047	2048	2049	2050

SATURATION INDICES

1.0039	1.0091	1.0156	1.0232	1.0319	1.0416	1.0523	1.0639	1.0763	1.0894	1.1033	1.1178	1.1329	1.1485	1.1645	1.1810	1.1977	1.2146	1.2318	1.2491	1.2664	1.2837	1.3009	1.3180	1.3348	1.3514	1.3677	1.3835	1.3989	1.4137	1.4280	1.4280	1.4280	1.4280	1.4280	1.4280	1.4280	1.4280	1.4280	1.4280	1.4280
1.1621	1.3159	1.4618	1.5998	1.7303	1.8534	1.9694	2.0785	2.1810	2.2769	2.3667	2.4504	2.5283	2.6007	2.6677	2.7295	2.7865	2.8387	2.8865	2.9301	2.9696	3.0053	3.0375	3.0662	3.0919	3.1146	3.1346	3.1522	3.1675	3.1807	3.1922	3.1922	3.1922	3.1922	3.1922	3.1922	3.1922	3.1922	3.1922	3.1922	3.1922
1.0566	1.1114	1.1643	1.2154	1.2647	1.3122	1.3580	1.4021	1.4445	1.4852	1.5244	1.5620	1.5980	1.6326	1.6656	1.6972	1.7273	1.7560	1.7834	1.8094	1.8341	1.8576	1.8798	1.9007	1.9205	1.9391	1.9567	1.9731	1.9884	2.0027	2.0161	2.0161	2.0161	2.0161	2.0161	2.0161	2.0161	2.0161	2.0161	2.0161	2.0161
0.9957	0.9886	0.9787	0.9662	0.9514	0.9345	0.9155	0.8949	0.8726	0.8489	0.8241	0.7983	0.7716	0.7443	0.7166	0.6887	0.6607	0.6329	0.6054	0.5785	0.5523	0.5270	0.5028	0.4799	0.4586	0.4389	0.4211	0.4053	0.3919	0.3809	0.3725	0.3725	0.3725	0.3725	0.3725	0.3725	0.3725	0.3725	0.3725	0.3725	0.3725
1.0449	1.0838	1.1170	1.1448	1.1677	1.1859	1.1998	1.2098	1.2162	1.2194	1.2196	1.2174	1.2130	1.2067	1.1990	1.1902	1.1806	1.1706	1.1605	1.1507	1.1416	1.1334	1.1266	1.1215	1.1185	1.1178	1.1200	1.1252	1.1338	1.1463	1.1630	1.1630	1.1630	1.1630	1.1630	1.1630	1.1630	1.1630	1.1630	1.1630	1.1630
1.0124	1.0233	1.0327	1.0408	1.0475	1.0531	1.0576	1.0611	1.0636	1.0652	1.0660	1.0661	1.0656	1.0645	1.0630	1.0611	1.0588	1.0564	1.0538	1.0511	1.0485	1.0459	1.0435	1.0414	1.0396	1.0383	1.0374	1.0371	1.0375	1.0386	1.0406	1.0406	1.0406	1.0406	1.0406	1.0406	1.0406	1.0406	1.0406	1.0406	1.0406
1.2658	1.5154	1.7490	1.9675	2.1712	2.3608	2.5367	2.6996	2.8499	2.9883	3.1152	3.2312	3.3369	3.4328	3.5195	3.5974	3.6672	3.7294	3.7845	3.8331	3.8757	3.9128	3.9451	3.9731	3.9973	4.0182	4.0364	4.0525	4.0670	4.0804	4.0933	4.0933	4.0933	4.0933	4.0933	4.0933	4.0933	4.0933	4.0933	4.0933	4.0933
0.9897	0.9797	0.9699	0.9603	0.9509	0.9418	0.9328	0.9241	0.9155	0.9070	0.8987	0.8906	0.8826	0.8746	0.8668	0.8591	0.8515	0.8439	0.8364	0.8289	0.8215	0.8141	0.8067	0.7993	0.7919	0.7845	0.7771	0.7696	0.7620	0.7544	0.7467	0.7467	0.7467	0.7467	0.7467	0.7467	0.7467	0.7467	0.7467	0.7467	0.7467
0.9652	0.9342	0.9068	0.8827	0.8619	0.8441	0.8292	0.8170	0.8073	0.8000	0.7949	0.7918	0.7905	0.7909	0.7928	0.7960	0.8003	0.8057	0.8118	0.8185	0.8258	0.8332	0.8408	0.8484	0.8557	0.8626	0.8689	0.8744	0.8790	0.8825	0.8848	0.8848	0.8848	0.8848	0.8848	0.8848	0.8848	0.8848	0.8848	0.8848	0.8848
1.0315	1.0638	1.0968	1.1306	1.1652	1.2007	1.2372	1.2747	1.3132	1.3528	1.3935	1.4354	1.4785	1.5230	1.5687	1.6159	1.6645	1.7145	1.7661	1.8193	1.8741	1.9305	1.9887	2.0487	2.1105	2.1741	2.2397	2.3073	2.3768	2.4485	2.5222	2.5222	2.5222	2.5222	2.5222	2.5222	2.5222	2.5222	2.5222	2.5222	2.5222
1.0205	1.0403	1.0596	1.0782	1.0962	1.1135	1.1301	1.1460	1.1612	1.1757	1.1895	1.2025	1.2147	1.2261	1.2368	1.2466	1.2555	1.2636	1.2709	1.2773	1.2827	1.2873	1.2909	1.2935	1.2952	1.2960	1.2957	1.2944	1.2921	1.2888	1.2844	1.2844	1.2844	1.2844	1.2844	1.2844	1.2844	1.2844	1.2844	1.2844	1.2844
1.0131	1.0260	1.0387	1.0512	1.0634	1.0755	1.0874	1.0990	1.1105	1.1218	1.1330	1.1440	1.1548	1.1655	1.1760	1.1864	1.1967	1.2068	1.2168	1.2267	1.2365	1.2463	1.2559	1.2654	1.2748	1.2842	1.2935	1.3028	1.3120	1.3211	1.3302	1.3302	1.3302	1.3302	1.3302	1.3302	1.3302	1.3302	1.3302	1.3302	1.3302
1.0128	1.0257	1.0387	1.0517	1.0649	1.0781	1.0913	1.1047	1.1181	1.1315	1.1450	1.1586	1.1722	1.1858	1.1995	1.2132	1.2270	1.2408	1.2546	1.2684	1.2822	1.2961	1.3099	1.3238	1.3376	1.3515	1.3654	1.3792	1.3930	1.4068	1.4206	1.4206	1.4206	1.4206	1.4206	1.4206	1.4206	1.4206	1.4206	1.4206	1.4206
1.0140	1.0278	1.0413	1.0547	1.0680	1.0811	1.0940	1.1068	1.1195	1.1320	1.1445	1.1568	1.1691	1.1813	1.1934	1.2055	1.2176	1.2296	1.2416	1.2536	1.2656	1.2776	1.2896	1.3017	1.3138	1.3260	1.3382	1.3505	1.3629	1.3754	1.3881	1.3881	1.3881	1.3881	1.3881	1.3881	1.3881	1.3881	1.3881	1.3881	1.3881
1.0164	1.0329	1.0495	1.0663	1.0831	1.1001	1.1171	1.1343	1.1515	1.1687	1.1860	1.2034	1.2208	1.2382	1.2556	1.2731	1.2906	1.3080	1.3255	1.3429	1.3603	1.3776	1.3949	1.4122	1.4294	1.4465	1.4635	1.4805	1.4973	1.5141	1.5307	1.5307	1.5307	1.5307	1.5307	1.5307	1.5307	1.5307	1.5307	1.5307	1.5307
1.1100	1.2154	1.3161	1.4124	1.5043	1.5919	1.6753	1.7548	1.8302	1.9019	1.9698	2.0342	2.0950	2.1524	2.2066	2.2576	2.3055	2.3504	2.3925	2.4319	2.4687	2.5029	2.5347	2.5643	2.5916	2.6168	2.6401	2.6615	2.6812	2.6992	2.7157	2.7157	2.7157	2.7157	2.7157	2.7157	2.7157	2.7157	2.7157	2.7157	2.7157
1.0071	1.0165	1.0279	1.0414	1.0567	1.0737	1.0922	1.1122	1.1336	1.1561	1.1797	1.2041	1.2294	1.2553	1.2817	1.3085	1.3355	1.3627	1.3898	1.4168	1.4435	1.4698	1.4955	1.5206	1.5448	1.5681	1.5903	1.6113	1.6309	1.6491	1.6657	1.6657	1.6657	1.6657	1.6657	1.6657	1.6657	1.6657	1.6657	1.6657	1.6657
1.0025	1.0053	1.0086	1.0122	1.0162	1.0215	1.0271	1.0329	1.0388	1.0450	1.0513	1.0577	1.0643	1.0711	1.0780	1.0850	1.0921	1.0993	1.1067	1.1142	1.1217	1.1294	1.1371	1.1450	1.1529	1.1609	1.1690	1.1772	1.1854	1.1938	1.2022	1.2107	1.2193	1.2279	1.2367	1.2455	1.2543	1.2633	1.2723	1.2814	1.2906

UEC INDICES

0.9402	0.8851	0.8344	0.7880	0.6269	0.5706	0.4937	0.4268	0.3685	0.3182	0.2747	0.2373	0.2052	0.1776	0.1539	0.1334	0.1283	0.1245	0.1220	0.1204	0.1198	0.1200	0.1209	0.1223	0.1241	0.1261	0.1283	0.1306	0.1327	0.1345	0.1360	0.1370	0.1374	0.1374	0.1374	0.1374	0.1374	0.1374	0.1374	0.1374	0.1374
0.9575	0.9178	0.8807	0.8461	0.8140	0.7549	0.6886	0.6277	0.5718	0.5203	0.4728	0.4289	0.3881	0.3500	0.3144	0.2808	0.2765	0.2730	0.2701	0.2679	0.2661	0.2649	0.2640	0.2635	0.2633	0.2633	0.2635	0.2638	0.2640	0.2643	0.2644	0.2644	0.2644	0.2644	0.2644	0.2644	0.2644	0.2644	0.2644	0.2644	0.2644
1.0163	1.0302	1.0419	1.0515	1.0591	1.0649	1.0156	0.9644	0.9116	0.8577	0.8029	0.7475	0.6917	0.6358	0.5799	0.5243	0.5211	0.5178	0.5143	0.5108	0.5072	0.5038	0.5005	0.4973	0.4945	0.4919	0.4897	0.4880	0.4867	0.4861	0.4860	0.4860	0.4860	0.4860	0.4860	0.4860	0.4860	0.4860	0.4860	0.4860	0.4860
0.9594	0.9205	0.8833	0.8477	0.8137	0.7812	0.7127	0.6485	0.5885	0.5322	0.4797	0.4306	0.3846	0.3416	0.3015	0.2639	0.2542	0.2450	0.2361	0.2276	0.2195	0.2117	0.2042	0.1969	0.1899	0.1831	0.1765	0.1701	0.1638	0.1576	0.1515	0.1454	0.1394	0.1333	0.1272	0.1211	0.1149	0.1085	0.1021	0.0954	0.0886
0.9762	0.9518	0.9268	0.9014	0.8757	0.8496	0.7821	0.7172	0.6548	0.5952	0.5382	0.4840	0.4326	0.3839	0.3381	0.2951	0.2831	0.2713	0.2600	0.2491	0.2386	0.2286	0.2191	0.2102	0.2019	0.1943	0.1873	0.1811	0.1756	0.1709	0.1671	0.1641	0.1621	0.1611	0.1610	0.1610	0.1610	0.1610	0.1610	0.1610	0.1610
0.9441	0.8909	0.8403	0.7923	0.7467	0.7036	0.6297	0.5617	0.4995	0.4426	0.3907	0.3432	0.3000	0.2608	0.2252	0.1928	0.1817	0.1713	0.1615	0.1524	0.1438	0.1358	0.1283	0.1213	0.1146	0.1084	0.1024	0.0968	0.0914	0.0862	0.0812	0.0764	0.0716	0.0668	0.0621	0.0574	0.0525	0.0476	0.0425	0.0371	0.0316
0.9400	0.8830	0.8289	0.7776	0.7290	0.6831	0.6077	0.5389	0.4762	0.4192	0.3674	0.3206	0.2782	0.2400	0.2056	0.1748	0.1634	0.1529	0.1430	0.1339	0.1255	0.1176	0.1104	0.1036	0.0974	0.0916	0.0862	0.0811	0.0764	0.0719	0.0676	0.0635	0.0596	0.0557	0.0519	0.0480	0.0442	0.0402	0.0361	0.0319	0.0274
0.9271	0.8612	0.8018	0.7488	0.6464	0.6010	0.5348	0.4784	0.4304	0.3896	0.3546	0.3243	0.2977	0.2738	0.2518	0.2311	0.2343	0.2383	0.2429	0.2478	0.2528	0.2576	0.2619	0.2655	0.2682	0.2697	0.2697	0.2697	0.2697	0.2697	0.2697	0.2697	0.2697	0.2697	0.2697	0.2697	0.2697	0.2697	0.2697	0.2697	0.2697
0.9638	0.9292	0.8963	0.8649	0.8350	0.8065	0.7404	0.6782	0.6197	0.5645	0.5125	0.4635	0.4172	0.3735	0.3322	0.2932	0.2847	0.2766	0.2687	0.2612	0.2538	0.2467	0.2397	0.2329	0.2262	0.2196	0.2130	0.2064	0.1998	0.1932	0.1865	0.1797	0.1727	0.1656	0.1582	0.1506	0.1428	0.1346	0.1261	0.1172	0.1080
0.9737	0.9467	0.9191	0.8911	0.8627	0.8342	0.7653	0.6994	0.6365	0.5766	0.5200	0.4666	0.4162	0.3691	0.3249	0.2839	0.2730	0.2628	0.2533	0.2447	0.2370	0.2302	0.2245	0.2199	0.2165	0.2143	0.2134	0.2134	0.2134	0.2134	0.2134	0.2134	0.2134	0.2134	0.2134	0.2134	0.2134	0.2134	0.2134	0.2134	0.2134
0.9820	0.9643	0.9470	0.9301	0.9134	0.8971	0.8370	0.7790	0.7226	0.6681	0.6153	0.5642	0.5147	0.4669	0.4205	0.3757	0.3692	0.3629	0.3567	0.3507	0.3448	0.3390	0.3334	0.3279	0.3225	0.3172	0.3121	0.3071	0.3022	0.2974	0.2928	0.2882	0.2838	0.2795	0.2753	0.2712	0.2672	0.2633	0.2595	0.2558	0.2522
1.0052	1.0100	1.0143	1.0182	1.0217	1.0249	0.9763	0.9271	0.8775	0.8273	0.7768	0.7259	0.6748	0.6234	0.5718	0.5201	0.5202	0.5203	0.5204	0.5203	0.5203	0.5202	0.5201	0.5199	0.5198	0.5197	0.5196	0.5195	0.5194	0.5194	0.5194	0.5194	0.5194	0.5194	0.5194	0.5194	0.5194	0.5194	0.5194	0.5194	0.5194
0.9584	0.9203	0.8857	0.7223	0.6705	0.6249	0.5559	0.4959	0.4437	0.3982	0.3585	0.3235	0.2926	0.2648	0.2395	0.2161	0.2155	0.2158	0.2169	0.2185	0.2204	0.2225	0.2246	0.2264	0.2279	0.2288	0.2289	0.2289	0.2289	0.2289	0.2289	0.2289	0.2289	0.2289	0.2289	0.2289	0.2289	0.2289	0.2289	0.2289	0.2289
0.9994	0.9973	0.9939	0.9892	0.9834	0.9766	0.9205	0.8645	0.8087	0.7535	0.6990	0.6453	0.5925	0.5408	0.4902	0.4407	0.4359	0.4314	0.4272	0.4234	0.4200	0.4171	0.4148	0.4131	0.4121	0.4118	0.4118	0.4118	0.4118	0.4118	0.4118	0.4118	0.4118	0.4118	0.4118	0.4118	0.4118	0.4118	0.4118	0.4118	0.4118
0.9523	0.9076	0.8658	0.8269	0.7907	0.7572	0.6900	0.6280	0.5709	0.5182	0.4696	0.4246	0.3828	0.3439	0.3076	0.2735	0.2682	0.2637	0.2599	0.2567	0.2542	0.2522	0.2507	0.2497	0.2492	0.2490	0.2491	0.2496	0.2503	0.2511	0.2521	0.2533	0.2544	0.2556	0.2567	0.2577	0.2586	0.2593	0.2597	0.2599	0.2599
0.9990	0.9979	0.9967	0.9955	0.9941	0.9927	0.9417	0.8909	0.8401	0.7895	0.7391	0.6887	0.6386	0.5886	0.5388	0.4892	0.4885	0.4880	0.4874	0.4869	0.4865	0.4861	0.4858	0.4855	0.4854	0.4853	0.4853	0.4853	0.4853	0.4853	0.4853	0.4853	0.4853	0.4853	0.4853	0.4853	0.4853	0.4853	0.4853	0.4853	0.4853
1.0014	1.0028	1.0041	1.0053	1.0065	1.0076	0.9582	0.9086	0.8590	0.8091	0.7592	0.7091	0.6589	0.6086	0.5583	0.5078	0.5080	0.5082	0.5084	0.5086	0.5087	0.5088	0.5089	0.5090	0.5090	0.5090	0.5090	0.5090	0.5090	0.5090	0.5090	0.5090	0.5090	0.5090	0.5090	0.5090	0.5090	0.5090	0.5090	0.5090	0.5090
1.0000	0.9999	0.9999	0.9998	0.9998	0.9998	0.9497	0.8997	0.8497	0.7798	0.7124	0.6474	0.5849	0.5249	0.4675	0.4125	0.4001	0.3876	0.3751	0.3626	0.3502	0.3500	0.3499	0.3499	0.3499	0.3499	0.3499	0.3499	0.3499	0.3499	0.3499	0.3499	0.3499	0.3499	0.3499	0.3499	0.3499	0.3499	0.3499	0.3499	0.3499

=====

Televisions	TVS
Set-Top Boxes	STB
Home Theater Systems	HTS
DVD Players	DVD
Video Game Consoles	VGC
Desktop PCs	DPC
Laptop PCs	LPC
Monitors	MON
Modems & Routers	NET
Non-PC Rechargeable Electronics	BAT
Ceiling Fans	CFN
Coffee machines	COF
Dehumidifiers	DEH
Microwaves	MCO
Pool Heaters & Pumps	PHP
Home Security Systems	SEC
Portable Electric Spas	SPA
Wine Coolers	WCL