$Header: m:/default/input/RCS/epmdata.txt,v 1.84 2016/11/10 22:12:21 PLM Exp $
Emissions from Perry in form suitable for AEO history reporting
source: spreadsheet from (l:\main\dsa\epm\ghg_2011\co2_skelly_tab.xls 
the "carbon" sheet in co2_skelly_tab.xls is saved as co2_skelly_tab.prn, using the save-as formatted text (space delimited) option. That file in the section 
between the "====" below.  Code searches for "RESIDE" in upper case to begin the reading of this data.
=====================================================================================================================================================

Emissions from Perry,,,,,,,,,,,,,,,,,,,,,,,,,,
,1990,1991,1992,1993,1994,1995,1996,1997,1998,1999,2000,2001,2002,2003,2004,2005,2006,2007,2008,2009,2010,2011,2012,2013,2014,2015
RESIDENTIAL,,,,,,,,,,,,,,,,,,,,,,,,,,
  Nat Gas,64.98,67.53,69.52,73.27,71.77,71.69,77.48,73.69,67.23,69.96,73.86,70.74,72.28,75.38,72.07,71.57,64.77,69.97,72.50,70.66,70.59,69.52,61.38,72.68,75.79,68.68
  Oil,26.83,26.49,27.18,27.62,27.01,26.29,28.27,27.08,24.81,27.74,29.44,29.02,27.56,29.33,28.88,27.49,23.12,23.57,24.89,21.57,20.90,19.15,16.68,18.06,18.85,18.60
  Coal,0.82,0.67,0.68,0.67,0.54,0.46,0.43,0.41,0.30,0.36,0.30,0.31,0.32,0.32,0.30,0.22,0.17,0.20,0.00,0.00,0.00,0.00,0.00,0.00,0.00,0.00
Commercial,,,,,,,,,,,,,,,,,,,,,,,,,,
  Nat Gas,38.81,40.45,41.55,42.30,42.86,44.80,46.68,47.54,44.61,45.07,47.05,44.82,46.48,47.19,46.32,44.47,41.99,44.64,46.72,46.11,45.79,46.54,42.82,48.91,51.64,47.66
  Oil,19.78,18.63,17.78,16.28,16.40,15.24,15.61,14.62,13.77,13.80,15.78,15.43,14.17,16.49,15.88,14.96,12.93,12.65,12.83,12.85,12.59,12.25,10.86,10.78,11.03,10.86
  Coal,3.26,3.03,3.08,3.07,3.08,3.05,3.17,3.35,2.44,2.66,2.39,2.52,2.33,2.13,2.67,2.53,1.70,1.82,2.08,1.89,1.79,1.59,1.12,1.07,1.03,0.81
Industrial,,,,,,,,,,,,,,,,,,,,,,,,,,
  Nat Gas,117.86,119.69,124.43,126.39,126.93,133.43,137.64,137.85,135.10,129.68,131.65,119.88,122.31,117.85,119.28,110.51,110.21,112.80,112.34,105.35,114.90,117.61,121.79,126.26,130.22,129.81
  Oil,99.72,92.43,102.10,99.15,102.02,99.17,106.55,108.00,104.14,104.50,100.58,108.01,105.24,107.04,112.73,112.54,115.00,111.35,102.42,88.73,92.16,91.89,94.31,94.54,91.87,93.14
  Coal,70.61,66.96,65.07,64.41,65.77,65.32,62.68,62.46,61.70,58.61,59.53,56.67,53.17,53.37,56.24,51.27,50.82,48.41,47.07,34.86,41.45,40.16,38.68,38.86,38.33,34.54
Transportation,,,,,,,,,,,,,,,,,,,,,,,,,,
  Nat Gas,9.84,8.98,8.80,9.33,10.25,10.48,10.66,11.29,9.64,9.77,9.72,9.52,10.11,9.08,8.71,9.03,9.04,9.60,10.02,10.34,10.40,10.61,11.28,12.84,10.98,10.54
  Oil,422.28,417.79,424.43,428.11,438.14,447.18,458.97,463.51,475.45,487.85,499.97,494.52,505.02,505.71,524.14,531.14,538.87,540.16,506.27,487.92,492.59,483.86,473.13,478.80,485.42,496.43
  Coal,0.00,0.00,0.00,0.00,0.00,0.00,0.00,0.00,0.00,0.00,0.00,0.00,0.00,0.00,0.00,0.00,0.00,0.00,0.00,0.00,0.00,0.00,0.00,0.00,0.00,0.00
Electric,,,,,,,,,,,,,,,,,,,,,,,,,,
  Nat Gas,47.87,48.87,50.81,51.19,57.55,62.25,55.89,59.70,67.65,70.93,76.60,78.98,83.45,75.91,80.96,87.03,92.25,101.37,98.81,101.61,108.93,111.60,134.38,121.20,120.99,144.50
  Oil,27.75,25.81,21.46,24.52,23.01,16.56,17.90,20.39,28.65,26.53,24.95,27.82,21.57,26.75,26.98,27.56,14.87,14.82,10.69,8.95,8.70,7.12,5.06,6.18,6.97,6.60
  Coal,422.06,422.23,428.06,445.23,446.94,452.93,477.93,490.10,498.60,500.84,525.65,509.95,515.42,526.63,529.93,541.04,532.83,541.99,534.38,474.78,498.44,469.83,412.16,428.55,427.95,368.99
  MSW/Geother,1.69,2.07,2.42,2.46,2.65,2.82,2.81,2.92,2.87,2.90,2.87,3.07,3.58,3.22,3.15,3.17,3.25,3.18,3.27,3.17,3.11,3.20,3.23,3.13,3.15,3.15
Total,1374.17,1361.62,1387.37,1413.99,1434.92,1451.66,1502.67,1522.92,1536.94,1551.21,1600.33,1571.26,1583.02,1596.40,1628.23,1634.54,1611.82,1636.52,1584.26,1468.80,1522.34,1484.92,1426.90,1461.85,1474.22,1434.30





=====================================================================================================================================================
EPM Carbon Tax or Carbon Cap Data
Column 1: CARBON TAX ($/KG) in fee run or starting tax in carbon cap run
Column 2: CARBON CAP (MMT CARBON EQUIVALENT) or covered greenhouse gas emission cap
Column 3: Maximum carbon fee
Column 4: Minimum carbon fee
@
0.00      1372  0.00   0.0  1990
0.00      1359  0.00   0.0    91
0.00      1380  0.00   0.0    92
0.00      1405  0.00   0.0    93
0.00      1431  0.00   0.0    94
0.00      1442  0.00   0.0    95
0.00      1530  0.00   0.0    96
0.00      1540  0.00   0.0    97
0.00000   1560  0.40   0.0    98
0.00000   1580  0.40   0.0    99
0.00000   1600  0.40   0.0  2000
0.00000   1625  0.40   0.0     1
0.00000   1650  0.40   0.0     2
0.00000   1675  0.40   0.0     3
0.00000   1700  0.40   0.0     4
0.00000   1725  0.40   0.0  2005
0.00000   1750  0.40   0.0     6
0.00000   1775  0.40   0.0     7
0.00000   1800  0.40   0.0     8
0.00000   1820  0.40   0.0     9
0.00000   1840  0.40   0.0  2010
0.00000   1860  0.40   0.0    11
0.00000   1880  0.40   0.0    12
0.00000   1900  0.40   0.0    13
0.00000   1920  0.40   0.0    14
0.00000   1940  0.40   0.0  2015
0.00000   1960  0.40   0.0    16
0.00000   1980  0.40   0.0    17
0.00000   2000  0.40   0.0    18
0.00000   2020  0.40   0.0    19
0.00000   2040  0.40   0.0  2020
0.00248   2060  0.40   0.0    21
0.00496   2080  0.40   0.0    22
0.00744   2100  0.40   0.0    23
0.00992   2125  0.40   0.0    24
0.01240   2150  0.40   0.0  2025
0.01489   2175  0.40   0.0    26
0.01737   2200  0.40   0.0    27
0.01985   2225  0.40   0.0    28
0.02233   2250  0.40   0.0    29
0.02481   2275  0.40   0.0  2030
0.02729   2300  0.40   0.0    31
0.02977   2325  0.40   0.0    32
0.03225   2350  0.40   0.0    33
0.03473   2375  0.40   0.0    34
0.03721   2400  0.40   0.0  2035
0.03970   2425  0.40   0.0    36
0.04218   2450  0.40   0.0    37
0.04466   2475  0.40   0.0    38
0.04714   2500  0.40   0.0    39
0.05210   2525  0.40   0.0  2040
0.05210   2550  0.40   0.0    41
0.05210   2575  0.40   0.0    42
0.05210   2600  0.40   0.0    43
0.05210   2625  0.40   0.0    44
0.05210   2650  0.40   0.0  2045
0.05210   2675  0.40   0.0    46
0.05210   2700  0.40   0.0    47
0.05210   2725  0.40   0.0    48
0.05210   2750  0.40   0.0    49
0.05210   2775  0.40   0.0  2050

C
C  NUMBER OF COAL REGIONS IN EACH CENSUS DIVISION
C
   CL_CDNUM(9)
   1  2  3  4  5  6  7  8  9
@
   1  3  2  3  4  2  2  3  3


C
C  MAPPING OF COAL REGIONS INTO CENSUS DIVISION
C
   CL_CDMAP(9,4)
   1  2  3  4  5  6  7  8  9
@
1  1  2  9 13  5 11 16 18 21
2  0  3 10 14  6 12 17 19 22
3  0  4  0 15  7  0  0 20 23
4  0  0  0  0  8  0  0  0  0

EMISSIONS FACTORS (THOUSAND METRIC TONS CARBON/TRILL)
for 2009  (see spreadsheet dsa  l:/main/dsa/epm/ghg_2011/emisfac.xls)
@
14.47   EGFRS    (Natural gas,  firm,  Residential)       
14.47   EGFCM    (Natural gas,  firm,  Commercial)        
14.47   EGFTR    (Natural gas,  firm,  Transportation)    
14.47   EGFIN    (Natural gas,  firm,  Industrial)        
14.47   EGFEL    (Natural gas,  firm,  Electric power)       
14.47   EGIRS    (Natural gas,  interruptible,  Residential)    
14.47   EGICM    (Natural gas,  interruptible,  Commercial)     
14.47   EGITR    (Natural gas,  interruptible,  Transportation) 
14.47   EGIIN    (Natural gas,  interruptible,  Industrial)     
14.47   EGIEL    (Natural gas,  interruptible,  Electric power)    
14.47   ENGRS    (Natural gas,  Residential)                       
14.47   ENGCM    (Natural gas,  Commercial)                        
14.47   ENGTR    (Natural gas,  Transportation)                    
14.47   ENGIN    (Natural gas,  Industrial)                        
14.47   ENGEL    (Natural gas,  Electric power)                       
 6.33   ENQNGPF  (Natural gas,  Feedstocks)                          
14.47   EGPTR    (Natural gas,  Pipeline)                          
14.47   ELPIN    (Lease and plant fuel,  Industrial)                            
26.00   ECLRS    (Coal,  Residential)                              
26.00   ECLCM    (Coal,  Commercial)                               
25.63   ECLIN    (Coal,  Industrial)                               
25.56   EMCIN    (Metallurgical (coking) coal,  Industrial)                             
19.44   EMGCM    (Motor gasoline,  Commercial)                             
19.44   EMGTR    (Motor gasoline,  Transportation)                 
19.44   EMGIN    (Motor gasoline,  Industrial)                     
19.33   EJFTR    (Jet fuel,  Transportation)                       
19.95   EDSRS    (Distillate,  Residential)                        
19.95   EDSCM    (Distillate,  Commercial)                         
19.95   EDSTR    (Distillate,  Transportation)                     
19.95   EDSIN    (Distillate,  Industrial)                         
19.95   EDSEL    (Distillate,  Electric power)                     
19.72   EKSRS    (Kerosene,  Residential)                          
19.72   EKSCM    (Kerosene,  Commercial)                           
19.72   EKSIN    (Kerosene,  Industrial)                           
17.04   ELGRS    (Liquefied petroleum gases,  Residential)            
17.04   ELGCM    (Liquefied petroleum gases,  Commercial)             
17.04   ELGTR    (Liquefied petroleum gases,  Transportation)         
17.04   ELGIN    (Liquefied petroleum gases,  Industrial)             
17.20   EPRRS    (Propane,    Residential)
17.20   EPRCM    (Propane,    Commercial)
17.20   EPRTR    (Propane,    Transportation)
16.25   EETIN    (Ethane,     Industrial)
17.20   EPRIN    (Propane,    Industrial)
17.71   EBUIN    (Butane,     Industrial)
17.75   EISIN    (Isobutane,  Industrial)
 3.25   EETINPF  (Ethane feedstocks,     Industrial)
 3.44   EPRINPF  (Propane feedstocks,    Industrial)
 3.54   EBUINPF  (Butane feedstocks,     Industrial)
 3.55   EISINPF  (Isobutane feedstocks,  Industrial)
21.49   ERLCM    (Residual fuel, low sulfur,   Commercial)       
21.49   ERLTR    (Residual fuel, low sulfur,   Transportation)       
21.49   ERLIN    (Residual fuel, low sulfur,   Industrial)       
21.49   ERLEL    (Residual fuel, low sulfur,   Electric power)       
21.49   ERHTR    (Residual fuel, high sulfur,  Transportation)       
21.49   ERHEL    (Residual fuel, high sulfur,  Electric power)       
21.49   ERSCM    (Residual fuel,  Commercial)                      
21.49   ERSTR    (Residual fuel,  Transportation)                  
21.49   ERSIN    (Residual fuel,  Industrial)                      
21.49   ERSEL    (Residual fuel,  Electric power)                     
10.12   EOTTR    (Other petroleum,  Transportation == aviation gasoline and lubricants, 50% sequestered
 7.94   EPFIN    (Petrochemical feedstocks 59% sequestered
26.62   EPCIN    (Petroleum coke 4.43% sequestered)     
18.24   EPPIN    (Pentanes plus,  Industrial)
 5.76   EPPINPF  (Pentanes plus feedstocks,  Industrial)
 5.51   ELUIN    (Lubricants,  Industrial)
 3.36   ENQLGPF  (Liquefied petroleum gases,  feedstock,  Industrial)   80% sequestered
17.51   ESGIN    (Still gas,  Industrial)                  
20.33   EOTIN    (Other petroleum,  Industrial  == pentanes plus, lubricants, waxes, miscellaneous petroleum)
27.57   EPCEL    (Petroleum coke,  Electric power (0% sequestered))
17.45   EMETR    (Methanol)                                        
20.20   EETTR    (Ethanol-- but not used--feedstock is assumed renewable and energy to grow it and distill it is calculated separately)      
24.45   EMSEL    (Municipal solid waste)                           
32.13   ECIIN    (Net imports of coal coke)


%MERC  MACT%
# Mercury Maximum Avaliable Control Technology (MACT) Info
# USW_MACT - Mercury MACT Policy Switch 0=>No MACT 1=>MACT
# UMACT_YR - Year Mercury MACT is to be realized
# USW_DSI  - DSI Policy Switch 0=>No 1=>Yes
# UDSI_YR  - Year DSI Policy is to be realized
#           USW_MACT UMACT_YR USW_BACT UBACT_YR USW_DSI UDSI_YR UCAP_HG
@
 'HG_MACT'      0      9999      0       9999      1     2016    00.00

*Mercury Emissions Group (max = MX_HG_GRP) - establishes mercury emission regions by coal demand region;
*All 1's indicate national total only; variable name:  HG_GRP(NDRGG) 
@
 1 'NE'   1   
 2 'YP'   1   
 3 'S1'   1 
 4 'S2'   1 
 5 'GF'   1  
 6 'OH'   1   
 7 'EN'   1  
 8 'KT'   1  
 9 'AM'   1  
10 'C1'   1
11 'C2'   1  
12 'WS'   1  
13 'MT'   1
14 'CU'   1    
15 'ZN'   1  
16 'PC'   1 
*Number Mercury Compliance Classes
@
3
*Mercury emissions in Grams per Megawatthour - Existing Coal Units
*     HG_GRAMS_MWH     HG_OUTPUT             HG_INPUT                HG_MEF
@
1990      0.00      0.00  0.00  0.00      0.00  0.00  0.00      0.00  0.00  0.00
1991      0.00      0.00  0.00  0.00      0.00  0.00  0.00      0.00  0.00  0.00
1992      0.00      0.00  0.00  0.00      0.00  0.00  0.00      0.00  0.00  0.00
1993      0.00      0.00  0.00  0.00      0.00  0.00  0.00      0.00  0.00  0.00
1994      0.00      0.00  0.00  0.00      0.00  0.00  0.00      0.00  0.00  0.00
1995      0.00      0.00  0.00  0.00      0.00  0.00  0.00      0.00  0.00  0.00
1996      0.00      0.00  0.00  0.00      0.00  0.00  0.00      0.00  0.00  0.00
1997      0.00      0.00  0.00  0.00      0.00  0.00  0.00      0.00  0.00  0.00
1998      0.00      0.00  0.00  0.00      0.00  0.00  0.00      0.00  0.00  0.00
1999      0.00      0.00  0.00  0.00      0.00  0.00  0.00      0.00  0.00  0.00
2000      0.00      0.00  0.00  0.00      0.00  0.00  0.00      0.00  0.00  0.00
2001      0.00      0.00  0.00  0.00      0.00  0.00  0.00      0.00  0.00  0.00
2002      0.00      0.00  0.00  0.00      0.00  0.00  0.00      0.00  0.00  0.00
2003      0.00      0.00  0.00  0.00      0.00  0.00  0.00      0.00  0.00  0.00
2004      0.00      0.00  0.00  0.00      0.00  0.00  0.00      0.00  0.00  0.00
2005      0.00      0.00  0.00  0.00      0.00  0.00  0.00      0.00  0.00  0.00
2006      0.00      0.00  0.00  0.00      0.00  0.00  0.00      0.00  0.00  0.00
2007      0.00      0.00  0.00  0.00      0.00  0.00  0.00      0.00  0.00  0.00
2008      0.00      0.00  0.00  0.00      0.00  0.00  0.00      0.00  0.00  0.00
2009      0.00      0.00  0.00  0.00      0.00  0.00  0.00      0.00  0.00  0.00
2010      0.00      0.00  0.00  0.00      0.00  0.00  0.00      0.00  0.00  0.00
2011      0.00      0.00  0.00  0.00      0.00  0.00  0.00      0.00  0.00  0.00
2012      0.00      0.00  0.00  0.00      0.00  0.00  0.00      0.00  0.00  0.00
2013      0.00      0.00  0.00  0.00      0.00  0.00  0.00      0.00  0.00  0.00
2014      0.00      0.00  0.00  0.00      0.00  0.00  0.00      0.00  0.00  0.00
2015      0.00      0.00  0.00  0.00      0.00  0.00  0.00      0.00  0.00  0.00
2016      0.00      0.00  0.00  0.00      0.00  0.00  0.00      0.00  0.00  0.00
2017      0.00      0.00  0.00  0.00      0.00  0.00  0.00      0.00  0.00  0.00
2018      0.00      0.00  0.00  0.00      0.00  0.00  0.00      0.00  0.00  0.00
2019      0.00      0.00  0.00  0.00      0.00  0.00  0.00      0.00  0.00  0.00
2020      0.00      0.00  0.00  0.00      0.00  0.00  0.00      0.00  0.00  0.00
2021      0.00      0.00  0.00  0.00      0.00  0.00  0.00      0.00  0.00  0.00
2022      0.00      0.00  0.00  0.00      0.00  0.00  0.00      0.00  0.00  0.00
2023      0.00      0.00  0.00  0.00      0.00  0.00  0.00      0.00  0.00  0.00
2024      0.00      0.00  0.00  0.00      0.00  0.00  0.00      0.00  0.00  0.00
2025      0.00      0.00  0.00  0.00      0.00  0.00  0.00      0.00  0.00  0.00
2026      0.00      0.00  0.00  0.00      0.00  0.00  0.00      0.00  0.00  0.00
2027      0.00      0.00  0.00  0.00      0.00  0.00  0.00      0.00  0.00  0.00
2028      0.00      0.00  0.00  0.00      0.00  0.00  0.00      0.00  0.00  0.00
2029      0.00      0.00  0.00  0.00      0.00  0.00  0.00      0.00  0.00  0.00
2030      0.00      0.00  0.00  0.00      0.00  0.00  0.00      0.00  0.00  0.00
2031      0.00      0.00  0.00  0.00      0.00  0.00  0.00      0.00  0.00  0.00
2032      0.00      0.00  0.00  0.00      0.00  0.00  0.00      0.00  0.00  0.00
2033      0.00      0.00  0.00  0.00      0.00  0.00  0.00      0.00  0.00  0.00
2034      0.00      0.00  0.00  0.00      0.00  0.00  0.00      0.00  0.00  0.00
2035      0.00      0.00  0.00  0.00      0.00  0.00  0.00      0.00  0.00  0.00
2036      0.00      0.00  0.00  0.00      0.00  0.00  0.00      0.00  0.00  0.00
2037      0.00      0.00  0.00  0.00      0.00  0.00  0.00      0.00  0.00  0.00
2038      0.00      0.00  0.00  0.00      0.00  0.00  0.00      0.00  0.00  0.00
2039      0.00      0.00  0.00  0.00      0.00  0.00  0.00      0.00  0.00  0.00
2040      0.00      0.00  0.00  0.00      0.00  0.00  0.00      0.00  0.00  0.00
2041      0.00      0.00  0.00  0.00      0.00  0.00  0.00      0.00  0.00  0.00
2042      0.00      0.00  0.00  0.00      0.00  0.00  0.00      0.00  0.00  0.00
2043      0.00      0.00  0.00  0.00      0.00  0.00  0.00      0.00  0.00  0.00
2044      0.00      0.00  0.00  0.00      0.00  0.00  0.00      0.00  0.00  0.00
2045      0.00      0.00  0.00  0.00      0.00  0.00  0.00      0.00  0.00  0.00
2046      0.00      0.00  0.00  0.00      0.00  0.00  0.00      0.00  0.00  0.00
2047      0.00      0.00  0.00  0.00      0.00  0.00  0.00      0.00  0.00  0.00
2048      0.00      0.00  0.00  0.00      0.00  0.00  0.00      0.00  0.00  0.00
2049      0.00      0.00  0.00  0.00      0.00  0.00  0.00      0.00  0.00  0.00
2050      0.00      0.00  0.00  0.00      0.00  0.00  0.00      0.00  0.00  0.00
*Mercury emissions in Grams per Megawatthour - New PC Coal Units
*     HG_GRAMS_MWH     HG_OUTPUT             HG_INPUT                HG_MEF
@
1990      0.00      0.00  0.00  0.00      0.00  0.00  0.00      0.00  0.00  0.00
1991      0.00      0.00  0.00  0.00      0.00  0.00  0.00      0.00  0.00  0.00
1992      0.00      0.00  0.00  0.00      0.00  0.00  0.00      0.00  0.00  0.00
1993      0.00      0.00  0.00  0.00      0.00  0.00  0.00      0.00  0.00  0.00
1994      0.00      0.00  0.00  0.00      0.00  0.00  0.00      0.00  0.00  0.00
1995      0.00      0.00  0.00  0.00      0.00  0.00  0.00      0.00  0.00  0.00
1996      0.00      0.00  0.00  0.00      0.00  0.00  0.00      0.00  0.00  0.00
1997      0.00      0.00  0.00  0.00      0.00  0.00  0.00      0.00  0.00  0.00
1998      0.00      0.00  0.00  0.00      0.00  0.00  0.00      0.00  0.00  0.00
1999      0.00      0.00  0.00  0.00      0.00  0.00  0.00      0.00  0.00  0.00
2000      0.00      0.00  0.00  0.00      0.00  0.00  0.00      0.00  0.00  0.00
2001      0.00      0.00  0.00  0.00      0.00  0.00  0.00      0.00  0.00  0.00
2002      0.00      0.00  0.00  0.00      0.00  0.00  0.00      0.00  0.00  0.00
2003      0.00      0.00  0.00  0.00      0.00  0.00  0.00      0.00  0.00  0.00
2004      0.00      0.00  0.00  0.00      0.00  0.00  0.00      0.00  0.00  0.00
2005      0.00      0.00  0.00  0.00      0.00  0.00  0.00      0.00  0.00  0.00
2006      0.00      0.00  0.00  0.00      0.00  0.00  0.00      0.00  0.00  0.00
2007      0.00      0.00  0.00  0.00      0.00  0.00  0.00      0.00  0.00  0.00
2008      0.00      0.00  0.00  0.00      0.00  0.00  0.00      0.00  0.00  0.00
2009      0.00      0.00  0.00  0.00      0.00  0.00  0.00      0.00  0.00  0.00
2010      0.00      0.00  0.00  0.00      0.00  0.00  0.00      0.00  0.00  0.00
2011      0.00      0.00  0.00  0.00      0.00  0.00  0.00      0.00  0.00  0.00
2012      0.00      0.00  0.00  0.00      0.00  0.00  0.00      0.00  0.00  0.00
2013      0.00      0.00  0.00  0.00      0.00  0.00  0.00      0.00  0.00  0.00
2014      0.00      0.00  0.00  0.00      0.00  0.00  0.00      0.00  0.00  0.00
2015      0.00      0.00  0.00  0.00      0.00  0.00  0.00      0.00  0.00  0.00
2016      0.00      0.00  0.00  0.00      0.00  0.00  0.00      0.00  0.00  0.00
2017      0.00      0.00  0.00  0.00      0.00  0.00  0.00      0.00  0.00  0.00
2018      0.00      0.00  0.00  0.00      0.00  0.00  0.00      0.00  0.00  0.00
2019      0.00      0.00  0.00  0.00      0.00  0.00  0.00      0.00  0.00  0.00
2020      0.00      0.00  0.00  0.00      0.00  0.00  0.00      0.00  0.00  0.00
2021      0.00      0.00  0.00  0.00      0.00  0.00  0.00      0.00  0.00  0.00
2022      0.00      0.00  0.00  0.00      0.00  0.00  0.00      0.00  0.00  0.00
2023      0.00      0.00  0.00  0.00      0.00  0.00  0.00      0.00  0.00  0.00
2024      0.00      0.00  0.00  0.00      0.00  0.00  0.00      0.00  0.00  0.00
2025      0.00      0.00  0.00  0.00      0.00  0.00  0.00      0.00  0.00  0.00
2026      0.00      0.00  0.00  0.00      0.00  0.00  0.00      0.00  0.00  0.00
2027      0.00      0.00  0.00  0.00      0.00  0.00  0.00      0.00  0.00  0.00
2028      0.00      0.00  0.00  0.00      0.00  0.00  0.00      0.00  0.00  0.00
2029      0.00      0.00  0.00  0.00      0.00  0.00  0.00      0.00  0.00  0.00
2030      0.00      0.00  0.00  0.00      0.00  0.00  0.00      0.00  0.00  0.00
2031      0.00      0.00  0.00  0.00      0.00  0.00  0.00      0.00  0.00  0.00
2032      0.00      0.00  0.00  0.00      0.00  0.00  0.00      0.00  0.00  0.00
2033      0.00      0.00  0.00  0.00      0.00  0.00  0.00      0.00  0.00  0.00
2034      0.00      0.00  0.00  0.00      0.00  0.00  0.00      0.00  0.00  0.00
2035      0.00      0.00  0.00  0.00      0.00  0.00  0.00      0.00  0.00  0.00
2036      0.00      0.00  0.00  0.00      0.00  0.00  0.00      0.00  0.00  0.00
2037      0.00      0.00  0.00  0.00      0.00  0.00  0.00      0.00  0.00  0.00
2038      0.00      0.00  0.00  0.00      0.00  0.00  0.00      0.00  0.00  0.00
2039      0.00      0.00  0.00  0.00      0.00  0.00  0.00      0.00  0.00  0.00
2040      0.00      0.00  0.00  0.00      0.00  0.00  0.00      0.00  0.00  0.00
2041      0.00      0.00  0.00  0.00      0.00  0.00  0.00      0.00  0.00  0.00
2042      0.00      0.00  0.00  0.00      0.00  0.00  0.00      0.00  0.00  0.00
2043      0.00      0.00  0.00  0.00      0.00  0.00  0.00      0.00  0.00  0.00
2044      0.00      0.00  0.00  0.00      0.00  0.00  0.00      0.00  0.00  0.00
2045      0.00      0.00  0.00  0.00      0.00  0.00  0.00      0.00  0.00  0.00
2046      0.00      0.00  0.00  0.00      0.00  0.00  0.00      0.00  0.00  0.00
2047      0.00      0.00  0.00  0.00      0.00  0.00  0.00      0.00  0.00  0.00
2048      0.00      0.00  0.00  0.00      0.00  0.00  0.00      0.00  0.00  0.00
2049      0.00      0.00  0.00  0.00      0.00  0.00  0.00      0.00  0.00  0.00
2050      0.00      0.00  0.00  0.00      0.00  0.00  0.00      0.00  0.00  0.00
*Mercury emissions in Grams per Megawatthour - New IGCC Coal Units
*     HG_GRAMS_MWH     HG_OUTPUT             HG_INPUT                HG_MEF
@
1990      0.00      0.00  0.00  0.00      0.00  0.00  0.00      0.00  0.00  0.00
1991      0.00      0.00  0.00  0.00      0.00  0.00  0.00      0.00  0.00  0.00
1992      0.00      0.00  0.00  0.00      0.00  0.00  0.00      0.00  0.00  0.00
1993      0.00      0.00  0.00  0.00      0.00  0.00  0.00      0.00  0.00  0.00
1994      0.00      0.00  0.00  0.00      0.00  0.00  0.00      0.00  0.00  0.00
1995      0.00      0.00  0.00  0.00      0.00  0.00  0.00      0.00  0.00  0.00
1996      0.00      0.00  0.00  0.00      0.00  0.00  0.00      0.00  0.00  0.00
1997      0.00      0.00  0.00  0.00      0.00  0.00  0.00      0.00  0.00  0.00
1998      0.00      0.00  0.00  0.00      0.00  0.00  0.00      0.00  0.00  0.00
1999      0.00      0.00  0.00  0.00      0.00  0.00  0.00      0.00  0.00  0.00
2000      0.00      0.00  0.00  0.00      0.00  0.00  0.00      0.00  0.00  0.00
2001      0.00      0.00  0.00  0.00      0.00  0.00  0.00      0.00  0.00  0.00
2002      0.00      0.00  0.00  0.00      0.00  0.00  0.00      0.00  0.00  0.00
2003      0.00      0.00  0.00  0.00      0.00  0.00  0.00      0.00  0.00  0.00
2004      0.00      0.00  0.00  0.00      0.00  0.00  0.00      0.00  0.00  0.00
2005      0.00      0.00  0.00  0.00      0.00  0.00  0.00      0.00  0.00  0.00
2006      0.00      0.00  0.00  0.00      0.00  0.00  0.00      0.00  0.00  0.00
2007      0.00      0.00  0.00  0.00      0.00  0.00  0.00      0.00  0.00  0.00
2008      0.00      0.00  0.00  0.00      0.00  0.00  0.00      0.00  0.00  0.00
2009      0.00      0.00  0.00  0.00      0.00  0.00  0.00      0.00  0.00  0.00
2010      0.00      0.00  0.00  0.00      0.00  0.00  0.00      0.00  0.00  0.00
2011      0.00      0.00  0.00  0.00      0.00  0.00  0.00      0.00  0.00  0.00
2012      0.00      0.00  0.00  0.00      0.00  0.00  0.00      0.00  0.00  0.00
2013      0.00      0.00  0.00  0.00      0.00  0.00  0.00      0.00  0.00  0.00
2014      0.00      0.00  0.00  0.00      0.00  0.00  0.00      0.00  0.00  0.00
2015      0.00      0.00  0.00  0.00      0.00  0.00  0.00      0.00  0.00  0.00
2016      0.00      0.00  0.00  0.00      0.00  0.00  0.00      0.00  0.00  0.00
2017      0.00      0.00  0.00  0.00      0.00  0.00  0.00      0.00  0.00  0.00
2018      0.00      0.00  0.00  0.00      0.00  0.00  0.00      0.00  0.00  0.00
2019      0.00      0.00  0.00  0.00      0.00  0.00  0.00      0.00  0.00  0.00
2020      0.00      0.00  0.00  0.00      0.00  0.00  0.00      0.00  0.00  0.00
2021      0.00      0.00  0.00  0.00      0.00  0.00  0.00      0.00  0.00  0.00
2022      0.00      0.00  0.00  0.00      0.00  0.00  0.00      0.00  0.00  0.00
2023      0.00      0.00  0.00  0.00      0.00  0.00  0.00      0.00  0.00  0.00
2024      0.00      0.00  0.00  0.00      0.00  0.00  0.00      0.00  0.00  0.00
2025      0.00      0.00  0.00  0.00      0.00  0.00  0.00      0.00  0.00  0.00
2026      0.00      0.00  0.00  0.00      0.00  0.00  0.00      0.00  0.00  0.00
2027      0.00      0.00  0.00  0.00      0.00  0.00  0.00      0.00  0.00  0.00
2028      0.00      0.00  0.00  0.00      0.00  0.00  0.00      0.00  0.00  0.00
2029      0.00      0.00  0.00  0.00      0.00  0.00  0.00      0.00  0.00  0.00
2030      0.00      0.00  0.00  0.00      0.00  0.00  0.00      0.00  0.00  0.00
2031      0.00      0.00  0.00  0.00      0.00  0.00  0.00      0.00  0.00  0.00
2032      0.00      0.00  0.00  0.00      0.00  0.00  0.00      0.00  0.00  0.00
2033      0.00      0.00  0.00  0.00      0.00  0.00  0.00      0.00  0.00  0.00
2034      0.00      0.00  0.00  0.00      0.00  0.00  0.00      0.00  0.00  0.00
2035      0.00      0.00  0.00  0.00      0.00  0.00  0.00      0.00  0.00  0.00
2036      0.00      0.00  0.00  0.00      0.00  0.00  0.00      0.00  0.00  0.00
2037      0.00      0.00  0.00  0.00      0.00  0.00  0.00      0.00  0.00  0.00
2038      0.00      0.00  0.00  0.00      0.00  0.00  0.00      0.00  0.00  0.00
2039      0.00      0.00  0.00  0.00      0.00  0.00  0.00      0.00  0.00  0.00
2040      0.00      0.00  0.00  0.00      0.00  0.00  0.00      0.00  0.00  0.00
2041      0.00      0.00  0.00  0.00      0.00  0.00  0.00      0.00  0.00  0.00
2042      0.00      0.00  0.00  0.00      0.00  0.00  0.00      0.00  0.00  0.00
2043      0.00      0.00  0.00  0.00      0.00  0.00  0.00      0.00  0.00  0.00
2044      0.00      0.00  0.00  0.00      0.00  0.00  0.00      0.00  0.00  0.00
2045      0.00      0.00  0.00  0.00      0.00  0.00  0.00      0.00  0.00  0.00
2046      0.00      0.00  0.00  0.00      0.00  0.00  0.00      0.00  0.00  0.00
2047      0.00      0.00  0.00  0.00      0.00  0.00  0.00      0.00  0.00  0.00
2048      0.00      0.00  0.00  0.00      0.00  0.00  0.00      0.00  0.00  0.00
2049      0.00      0.00  0.00  0.00      0.00  0.00  0.00      0.00  0.00  0.00
2050      0.00      0.00  0.00  0.00      0.00  0.00  0.00      0.00  0.00  0.00

*Mercury Emissions Requirements Switch (Without CAMR) by Coal Demand Region
*USW_CAMR (0=CAMR, 1=No CAMR)
@
1

*Number of Years With Mercury Standards Specified Below
@
1

*Mercury Emissions Requirements MEF (Without CAMR) by Coal Demand Region
*HG_MEFNC (new standards (MEF), 1.00 = no standard)
@
 0 'YR'   2016
 1 'NE'   0.10
 2 'YP'   0.10
 3 'S1'   0.10
 4 'S2'   0.10
 5 'GF'   0.10
 6 'OH'   0.10   
 7 'EN'   0.10
 8 'KT'   0.10
 9 'AM'   0.10
10 'C1'   0.10
11 'C2'   0.10
12 'WS'   0.10
13 'MT'   0.10
14 'CU'   0.10
15 'ZN'   0.10
16 'PC'   0.10
*Mercury caps by emission region in tons; Read 1st column only if MAX(HG_GRP(NDRGG)).EQ.1  
*Year    EMEL_QHG(Reg,MNUMYR) -- 500.0 indicates no limit
*     Reg 1 Reg 2 Reg 3 Reg 4 Reg 5 Reg 6 Reg 7 Reg 8 Reg 9 Reg10 Reg11 Reg12 Reg13 Reg14 Reg15 Reg16
@                                                                                                    
1990  999.9 999.9 999.9 999.9 999.9 999.9 999.9 999.9 999.9 999.9 999.9 999.9 999.9 999.9 999.9 999.9
1991  999.9 999.9 999.9 999.9 999.9 999.9 999.9 999.9 999.9 999.9 999.9 999.9 999.9 999.9 999.9 999.9
1992  999.9 999.9 999.9 999.9 999.9 999.9 999.9 999.9 999.9 999.9 999.9 999.9 999.9 999.9 999.9 999.9
1993  999.9 999.9 999.9 999.9 999.9 999.9 999.9 999.9 999.9 999.9 999.9 999.9 999.9 999.9 999.9 999.9
1994  999.9 999.9 999.9 999.9 999.9 999.9 999.9 999.9 999.9 999.9 999.9 999.9 999.9 999.9 999.9 999.9
1995  999.9 999.9 999.9 999.9 999.9 999.9 999.9 999.9 999.9 999.9 999.9 999.9 999.9 999.9 999.9 999.9
1996  999.9 999.9 999.9 999.9 999.9 999.9 999.9 999.9 999.9 999.9 999.9 999.9 999.9 999.9 999.9 999.9
1997  999.9 999.9 999.9 999.9 999.9 999.9 999.9 999.9 999.9 999.9 999.9 999.9 999.9 999.9 999.9 999.9
1998  999.9 999.9 999.9 999.9 999.9 999.9 999.9 999.9 999.9 999.9 999.9 999.9 999.9 999.9 999.9 999.9
1999  999.9 999.9 999.9 999.9 999.9 999.9 999.9 999.9 999.9 999.9 999.9 999.9 999.9 999.9 999.9 999.9
2000  999.9 999.9 999.9 999.9 999.9 999.9 999.9 999.9 999.9 999.9 999.9 999.9 999.9 999.9 999.9 999.9
2001  999.9 999.9 999.9 999.9 999.9 999.9 999.9 999.9 999.9 999.9 999.9 999.9 999.9 999.9 999.9 999.9
2002  999.9 999.9 999.9 999.9 999.9 999.9 999.9 999.9 999.9 999.9 999.9 999.9 999.9 999.9 999.9 999.9
2003  999.9 999.9 999.9 999.9 999.9 999.9 999.9 999.9 999.9 999.9 999.9 999.9 999.9 999.9 999.9 999.9
2004  999.9 999.9 999.9 999.9 999.9 999.9 999.9 999.9 999.9 999.9 999.9 999.9 999.9 999.9 999.9 999.9
2005  999.9 999.9 999.9 999.9 999.9 999.9 999.9 999.9 999.9 999.9 999.9 999.9 999.9 999.9 999.9 999.9
2006  999.9 999.9 999.9 999.9 999.9 999.9 999.9 999.9 999.9 999.9 999.9 999.9 999.9 999.9 999.9 999.9
2007  999.9 999.9 999.9 999.9 999.9 999.9 999.9 999.9 999.9 999.9 999.9 999.9 999.9 999.9 999.9 999.9
2008  999.9 999.9 999.9 999.9 999.9 999.9 999.9 999.9 999.9 999.9 999.9 999.9 999.9 999.9 999.9 999.9
2009  999.9 999.9 999.9 999.9 999.9 999.9 999.9 999.9 999.9 999.9 999.9 999.9 999.9 999.9 999.9 999.9
2010   38.0  30.0  30.0  30.0  30.0  30.0  30.0  30.0  30.0  30.0  30.0  30.0  30.0  30.0  30.0  30.0
2011   38.0  30.0  30.0  30.0  30.0  30.0  30.0  30.0  30.0  30.0  30.0  30.0  30.0  30.0  30.0  30.0
2012   38.0  30.0  30.0  30.0  30.0  30.0  30.0  30.0  30.0  30.0  30.0  30.0  30.0  30.0  30.0  30.0
2013   38.0  30.0  30.0  30.0  30.0  30.0  30.0  30.0  30.0  30.0  30.0  30.0  30.0  30.0  30.0  30.0
2014   38.0  30.0  30.0  30.0  30.0  30.0  30.0  30.0  30.0  30.0  30.0  30.0  30.0  30.0  30.0  30.0
2015   38.0  30.0  30.0  30.0  30.0  30.0  30.0  30.0  30.0  30.0  30.0  30.0  30.0  30.0  30.0  30.0
2016   38.0  30.0  30.0  30.0  30.0  30.0  30.0  30.0  30.0  30.0  30.0  30.0  30.0  30.0  30.0  30.0
2017   38.0  30.0  30.0  30.0  30.0  30.0  30.0  30.0  30.0  30.0  30.0  30.0  30.0  30.0  30.0  30.0
2018   15.0  30.0  30.0  30.0  30.0  30.0  30.0  30.0  30.0  30.0  30.0  30.0  30.0  30.0  30.0  30.0
2019   15.0  30.0  30.0  30.0  30.0  30.0  30.0  30.0  30.0  30.0  30.0  30.0  30.0  30.0  30.0  30.0
2020   15.0  30.0  30.0  30.0  30.0  30.0  30.0  30.0  30.0  30.0  30.0  30.0  30.0  30.0  30.0  30.0
2021   15.0  30.0  30.0  30.0  30.0  30.0  30.0  30.0  30.0  30.0  30.0  30.0  30.0  30.0  30.0  30.0
2022   15.0  30.0  30.0  30.0  30.0  30.0  30.0  30.0  30.0  30.0  30.0  30.0  30.0  30.0  30.0  30.0
2023   15.0  30.0  30.0  30.0  30.0  30.0  30.0  30.0  30.0  30.0  30.0  30.0  30.0  30.0  30.0  30.0
2024   15.0  30.0  30.0  30.0  30.0  30.0  30.0  30.0  30.0  30.0  30.0  30.0  30.0  30.0  30.0  30.0
2025   15.0  30.0  30.0  30.0  30.0  30.0  30.0  30.0  30.0  30.0  30.0  30.0  30.0  30.0  30.0  30.0
2026   15.0  30.0  30.0  30.0  30.0  30.0  30.0  30.0  30.0  30.0  30.0  30.0  30.0  30.0  30.0  30.0
2027   15.0  30.0  30.0  30.0  30.0  30.0  30.0  30.0  30.0  30.0  30.0  30.0  30.0  30.0  30.0  30.0
2028   15.0  30.0  30.0  30.0  30.0  30.0  30.0  30.0  30.0  30.0  30.0  30.0  30.0  30.0  30.0  30.0
2029   15.0  30.0  30.0  30.0  30.0  30.0  30.0  30.0  30.0  30.0  30.0  30.0  30.0  30.0  30.0  30.0
2030   15.0  30.0  30.0  30.0  30.0  30.0  30.0  30.0  30.0  30.0  30.0  30.0  30.0  30.0  30.0  30.0
2031   15.0  30.0  30.0  30.0  30.0  30.0  30.0  30.0  30.0  30.0  30.0  30.0  30.0  30.0  30.0  30.0
2032   15.0  30.0  30.0  30.0  30.0  30.0  30.0  30.0  30.0  30.0  30.0  30.0  30.0  30.0  30.0  30.0
2033   15.0  30.0  30.0  30.0  30.0  30.0  30.0  30.0  30.0  30.0  30.0  30.0  30.0  30.0  30.0  30.0
2034   15.0  30.0  30.0  30.0  30.0  30.0  30.0  30.0  30.0  30.0  30.0  30.0  30.0  30.0  30.0  30.0
2035   15.0  30.0  30.0  30.0  30.0  30.0  30.0  30.0  30.0  30.0  30.0  30.0  30.0  30.0  30.0  30.0
2036   15.0  30.0  30.0  30.0  30.0  30.0  30.0  30.0  30.0  30.0  30.0  30.0  30.0  30.0  30.0  30.0
2037   15.0  30.0  30.0  30.0  30.0  30.0  30.0  30.0  30.0  30.0  30.0  30.0  30.0  30.0  30.0  30.0
2038   15.0  30.0  30.0  30.0  30.0  30.0  30.0  30.0  30.0  30.0  30.0  30.0  30.0  30.0  30.0  30.0
2039   15.0  30.0  30.0  30.0  30.0  30.0  30.0  30.0  30.0  30.0  30.0  30.0  30.0  30.0  30.0  30.0
2040   15.0  30.0  30.0  30.0  30.0  30.0  30.0  30.0  30.0  30.0  30.0  30.0  30.0  30.0  30.0  30.0
2041   15.0  30.0  30.0  30.0  30.0  30.0  30.0  30.0  30.0  30.0  30.0  30.0  30.0  30.0  30.0  30.0
2042   15.0  30.0  30.0  30.0  30.0  30.0  30.0  30.0  30.0  30.0  30.0  30.0  30.0  30.0  30.0  30.0
2043   15.0  30.0  30.0  30.0  30.0  30.0  30.0  30.0  30.0  30.0  30.0  30.0  30.0  30.0  30.0  30.0
2044   15.0  30.0  30.0  30.0  30.0  30.0  30.0  30.0  30.0  30.0  30.0  30.0  30.0  30.0  30.0  30.0
2045   15.0  30.0  30.0  30.0  30.0  30.0  30.0  30.0  30.0  30.0  30.0  30.0  30.0  30.0  30.0  30.0
2046   15.0  30.0  30.0  30.0  30.0  30.0  30.0  30.0  30.0  30.0  30.0  30.0  30.0  30.0  30.0  30.0
2047   15.0  30.0  30.0  30.0  30.0  30.0  30.0  30.0  30.0  30.0  30.0  30.0  30.0  30.0  30.0  30.0
2048   15.0  30.0  30.0  30.0  30.0  30.0  30.0  30.0  30.0  30.0  30.0  30.0  30.0  30.0  30.0  30.0
2049   15.0  30.0  30.0  30.0  30.0  30.0  30.0  30.0  30.0  30.0  30.0  30.0  30.0  30.0  30.0  30.0
2050   15.0  30.0  30.0  30.0  30.0  30.0  30.0  30.0  30.0  30.0  30.0  30.0  30.0  30.0  30.0  30.0
*Mercury contents for oil and gas in lbs/mmmmtbu
@
0.6048                      HGDSEL
0.6048                      HGRLEL
0.6048                      HGRHEL
0.0000                      HGNGEL
* Emission Allowance Auction Share-- (emoblk/...EM_AUCTION_SH(mnumyr) 
* list-directed formatting, enter mnumyr values.  Used, but largely obsolete, so keep at 0
@
61*0.0
* California AB32 Carbon Data
Column 1: Year $ for AB32 Reserve Prices
Column 2: Year before Starting Escalation of Containment Reserve Prices
Column 3: Last Year for Escalation of Containment Reserve Prices
Column 4: Number of Containment Reserve Price Tiers
Column 5: Containment Reserve Price Real Escalation Rate (if Any)
Column 6: Year before Starting Escalation of Auction Reserve Price
Column 7: Last Year for Escalation of Auction Reserve Price
Column 8: Auction Reserve Price Real Escalation Rate (if Any)
@
2012     2013     2020     3     0.05     2013     2020     0.05
Column 1: Year
Column 2: AB_CAP_TOT -- Carbon Cap (MMMT CO2e)
Column 3: AB_OFFSET_FRAC -- Fraction of Cap for Offsets
Column 4: AB_CSTCONT_FRAC -- Fraction of Cap for Cost Containment Reserve
Column 5: AB_RESERVE_P(1) -- Carbon Containment Reserve Tier 1 Price (Converted from 2012$/mtCo2e to 87$/kg-c in code)
Column 6: AB_RESERVE_P(2) -- Carbon Containment Reserve Tier 1 Price (Converted from 2012$/mtCo2e to 87$/kg-c in code)
Column 7: AB_RESERVE_P(3) -- Carbon Containment Reserve Tier 1 Price (Converted from 2012$/mtCo2e to 87$/kg-c in code)
Column 8: AB_AUCTION_P -- Carbon Auction Reserve Price (Converted from 2012$/mtCo2e to 87$/kg-c in code)
@
1990      0.0    0.0000    0.0000     0.0     0.0     0.0     0.0
1991      0.0    0.0000    0.0000     0.0     0.0     0.0     0.0
1992      0.0    0.0000    0.0000     0.0     0.0     0.0     0.0
1993      0.0    0.0000    0.0000     0.0     0.0     0.0     0.0
1994      0.0    0.0000    0.0000     0.0     0.0     0.0     0.0
1995      0.0    0.0000    0.0000     0.0     0.0     0.0     0.0
1996      0.0    0.0000    0.0000     0.0     0.0     0.0     0.0
1997      0.0    0.0000    0.0000     0.0     0.0     0.0     0.0
1998      0.0    0.0000    0.0000     0.0     0.0     0.0     0.0
1999      0.0    0.0000    0.0000     0.0     0.0     0.0     0.0
2000      0.0    0.0000    0.0000     0.0     0.0     0.0     0.0
2001      0.0    0.0000    0.0000     0.0     0.0     0.0     0.0
2002      0.0    0.0000    0.0000     0.0     0.0     0.0     0.0
2003      0.0    0.0000    0.0000     0.0     0.0     0.0     0.0
2004      0.0    0.0000    0.0000     0.0     0.0     0.0     0.0
2005      0.0    0.0000    0.0000     0.0     0.0     0.0     0.0
2006      0.0    0.0000    0.0000     0.0     0.0     0.0     0.0
2007      0.0    0.0000    0.0000     0.0     0.0     0.0     0.0
2008      0.0    0.0000    0.0000     0.0     0.0     0.0     0.0
2009      0.0    0.0000    0.0000     0.0     0.0     0.0     0.0
2010      0.0    0.0000    0.0000     0.0     0.0     0.0     0.0
2011      0.0    0.0000    0.0000     0.0     0.0     0.0     0.0
2012      0.0    0.0000    0.0000     0.0     0.0     0.0     0.0
2013    162.8    0.0870    0.0100    40.0    45.0    50.0    10.0
2014    159.7    0.0870    0.0100    40.0    45.0    50.0    10.0
2015    394.5    0.0870    0.0400    40.0    45.0    50.0    10.0
2016    382.4    0.0870    0.0400    40.0    45.0    50.0    10.0
2017    370.4    0.0870    0.0400    40.0    45.0    50.0    10.0
2018    358.3    0.0870    0.0700    40.0    45.0    50.0    10.0
2019    346.3    0.0870    0.0700    40.0    45.0    50.0    10.0
2020    334.2    0.0870    0.0700    40.0    45.0    50.0    10.0
2021    320.8    0.0870    0.0000    40.0    45.0    50.0    10.0
2022    307.5    0.0870    0.0000    40.0    45.0    50.0    10.0
2023    294.1    0.0870    0.0000    40.0    45.0    50.0    10.0
2024    280.7    0.0870    0.0000    40.0    45.0    50.0    10.0
2025    267.4    0.0870    0.0000    40.0    45.0    50.0    10.0
2026    254.0    0.0870    0.0000    40.0    45.0    50.0    10.0
2027    240.6    0.0870    0.0000    40.0    45.0    50.0    10.0
2028    227.3    0.0870    0.0000    40.0    45.0    50.0    10.0
2029    213.9    0.0870    0.0000    40.0    45.0    50.0    10.0
2030    200.5    0.0870    0.0000    40.0    45.0    50.0    10.0
2031    200.5    0.0870    0.0000    40.0    45.0    50.0    10.0
2032    200.5    0.0870    0.0000    40.0    45.0    50.0    10.0
2033    200.5    0.0870    0.0000    40.0    45.0    50.0    10.0
2034    200.5    0.0870    0.0000    40.0    45.0    50.0    10.0
2035    200.5    0.0870    0.0000    40.0    45.0    50.0    10.0
2036    200.5    0.0870    0.0000    40.0    45.0    50.0    10.0
2037    200.5    0.0870    0.0000    40.0    45.0    50.0    10.0
2038    200.5    0.0870    0.0000    40.0    45.0    50.0    10.0
2039    200.5    0.0870    0.0000    40.0    45.0    50.0    10.0
2040    200.5    0.0870    0.0000    40.0    45.0    50.0    10.0
2041    200.5    0.0870    0.0000    40.0    45.0    50.0    10.0
2042    200.5    0.0870    0.0000    40.0    45.0    50.0    10.0
2043    200.5    0.0870    0.0000    40.0    45.0    50.0    10.0
2044    200.5    0.0870    0.0000    40.0    45.0    50.0    10.0
2045    200.5    0.0870    0.0000    40.0    45.0    50.0    10.0
2046    200.5    0.0870    0.0000    40.0    45.0    50.0    10.0
2047    200.5    0.0870    0.0000    40.0    45.0    50.0    10.0
2048    200.5    0.0870    0.0000    40.0    45.0    50.0    10.0
2049    200.5    0.0870    0.0000    40.0    45.0    50.0    10.0
2050    200.5    0.0870    0.0000    40.0    45.0    50.0    10.0
